[menu.jpg]
text=5;142;11;How To Play;Times New Roman;0.388175,0.056568,0.033333,0.000000;v1,4294967295,4278190080,128.000000,1.000000,0.000000,1.000000,400,0,49152;;141;10;Easy Mode&#010;;Times New Roman;0.098238,0.168359,0.038408,6.283185;v1,4294967295,4278190080,128.000000,1.000000,0.000000,1.000000,400,0,49152;;233;101;Choose two coins such that they have all &#010;shapes of same color except the one you want &#010;to eliminate&#010;;Times New Roman;0.078584,0.271619,0.032412,0.000000;v1,4294967295,4278190080,128.000000,1.000000,0.000000,1.000000,400,0,49152;;139;9;Hard Mode;Times New Roman;0.095439,0.454868,0.038209,6.283185;v1,4294967295,4278190080,128.000000,1.000000,0.000000,1.000000,400,0,49152;;242;110;Choose Four coins  sucht that they all have &#010;same colors of the shapes except for those &#010;you want to eliminate;Times New Roman;0.083466,0.554020,0.033333,0.000000;v1,4294967295,4278190080,128.000000,1.000000,0.000000,1.000000,400,0,49152;;
backuphash=7559
textactive=1
